Dnia: 2015:09:29 20:14:52
Stworzono tak¹ oto tablicê ¿ycia:
1 1 1 1 1 1 0 0 0 1 
1 1 0 0 1 0 1 1 1 1 
1 1 1 0 1 1 1 1 0 1 
1 0 1 0 1 1 1 1 0 1 
1 1 1 0 1 1 1 1 0 1 
1 0 1 1 1 1 1 1 0 1 
1 1 1 1 1 1 1 1 1 0 
1 1 1 1 1 1 1 1 1 1 
1 1 1 1 1 1 1 0 1 0 
1 1 1 1 0 1 0 1 1 1 

Tablica ¿ycia po 1 rundzie.
1 0 1 1 1 1 1 1 0 1 
0 0 0 0 0 0 0 0 0 1 
0 0 1 0 0 0 0 0 0 1 
0 0 0 0 0 0 0 0 0 1 
1 0 0 0 0 0 0 0 0 1 
0 0 0 0 0 0 0 0 0 1 
0 0 0 0 0 0 0 0 0 0 
0 0 0 0 0 0 0 0 0 1 
0 0 0 0 0 0 0 0 0 0 
1 0 0 0 0 1 0 1 1 1 

Tablica ¿ycia po 2 rundzie.
0 0 0 1 1 1 1 0 1 0 
0 1 1 0 1 1 1 0 0 1 
0 0 0 0 0 0 0 0 1 1 
0 0 0 0 0 0 0 0 1 1 
0 0 0 0 0 0 0 0 1 1 
0 0 0 0 0 0 0 0 0 0 
0 0 0 0 0 0 0 0 0 0 
0 0 0 0 0 0 0 0 0 0 
0 0 0 0 0 0 0 0 0 1 
0 0 0 0 0 0 0 0 1 0 

Tablica ¿ycia po 3 rundzie.
0 0 1 1 0 0 1 1 0 0 
0 0 1 0 0 0 1 0 0 1 
0 0 0 0 0 1 0 1 0 0 
0 0 0 0 0 0 0 1 0 0 
0 0 0 0 0 0 0 0 1 1 
0 0 0 0 0 0 0 0 0 0 
0 0 0 0 0 0 0 0 0 0 
0 0 0 0 0 0 0 0 0 0 
0 0 0 0 0 0 0 0 0 0 
0 0 0 0 0 0 0 0 0 0 

Tablica ¿ycia po 4 rundzie.
0 0 1 1 0 0 1 1 0 0 
0 0 1 1 0 1 0 0 1 0 
0 0 0 0 0 0 0 1 1 0 
0 0 0 0 0 0 1 1 0 0 
0 0 0 0 0 0 0 0 1 0 
0 0 0 0 0 0 0 0 0 0 
0 0 0 0 0 0 0 0 0 0 
0 0 0 0 0 0 0 0 0 0 
0 0 0 0 0 0 0 0 0 0 
0 0 0 0 0 0 0 0 0 0 

